SNP	CHR.x	POS.x	INC_ALLELE.x	DEC_ALLELE.x	BETA.x	SE.x	Z.x	P.x	N.x	CHR.y	POS.y	INC_ALLELE.y	DEC_ALLELE.y	BETA.y	SE.y	Z.y	P.y	N.y	MAF	score
rs10175798	2	30449594	A	G	0.0861776962410524	0.0142391776107534	6.05215403563556	1.3e-07	58284	2	30449594	G	A	-0.00380794	0.00189549	2.00894755445821	5.3E-02	426824	0.372419	0.992329
rs10985070	9	123636121	A	C	-0.083381608939051	0.0169143914882145	-4.92962510635685	1.7e-08	58284	9	123636121	C	A	-0.00188858	0.00188068	1.00420060829062	1.8E-01	426824	0.433621	0.984616
rs11574914	9	34710338	A	G	0.122217632724249	0.0183877226955085	6.64669762254478	1.5e-13	58284	9	34710338	G	A	-0.00283081	0.00194782	1.45332217556037	9.9E-02	426824	0.655025	0.999516
rs11889341	2	191943742	T	C	0.122217632724249	0.0183877226955085	6.64669762254478	6.5e-12	58284	2	191943742	C	T	-0.0051034	0.0021985	2.32130998408005	1.7E-02	426824	0.776455	0.994349
rs1516971	8	129542100	T	C	0.122217632724249	0.0230900977490412	5.29307558818473	5.3e-07	58284	8	129542100	T	C	-0.0047444	0.00275233	-1.72377585536618	3.3E-01	426824	0.86997	0.99938
rs1571878	6	167540842	T	C	-0.116533816255952	0.0174944252442001	-6.66119718877795	4.9e-15	58284	6	167540842	C	T	0.00508931	0.00184598	-2.75696919793281	1.3E-02	426824	0.436548	0.996334
rs17264332	6	138005515	A	G	-0.162518929497775	0.0183326577683997	-8.86499554788568	7.1e-19	58284	6	138005515	A	G	0.00284767	0.00220669	1.29047124879344	1.4E-01	426824	0.779071	0.998919
rs1858037	2	65598300	A	T	-0.105360515657826	0.0114657427816626	-9.18915744615621	5.9e-10	58284	2	65598300	T	A	0.00621523	0.00193875	-3.20579239200516	2.0E-03	426824	0.665828	0.997911
rs1980422	2	204610396	T	C	-0.116533816255952	0.0174944252442001	-6.66119718877795	6e-11	58284	2	204610396	C	T	0.00488427	0.00216869	-2.25217527631888	1.7E-02	426824	0.230797	0.997734
rs2451258	6	159506600	T	C	0.104360015324243	0.0187251871685857	5.57324284049467	6.6e-10	58284	6	159506600	C	T	0.00282625	0.00189378	-1.49238559917203	1.3E-01	426824	0.374466	0.99641
rs2476601	1	114377568	A	G	0.593326845277734	0.0230639983510443	25.7252379334683	1.6e-149	58284	1	114377568	A	G	0.00572576	0.00301743	1.8975618324203	1.2E-01	426824	0.102192	1
rs2561477	5	102608924	A	G	-0.105360515657826	0.0172967100386129	-6.09136161863273	5.2e-10	58284	5	102608924	G	A	0.00594192	0.00197606	-3.00695323016508	3.7E-03	426824	0.676611	0.998695
rs3087243	2	204738919	A	G	-0.139262067333508	0.0179037345975868	-7.77838090563956	9.2e-20	58284	2	204738919	G	A	0.00966235	0.00183948	-5.25276165003153	3.3E-07	426824	0.550665	1
rs3806624	3	27764623	A	G	-0.083381608939051	0.0169143914882145	-4.92962510635685	6.1e-08	58284	3	27764623	A	G	-0.000429146	0.00185859	-0.230898692019219	6.8E-01	426824	0.546786	0.992871
rs4239702	20	44749251	T	C	-0.139262067333508	0.0118657460021772	-11.7364780358483	4.2e-14	58284	20	44749251	T	C	0.00104688	0.00208256	0.502688998156116	3.7E-01	426824	0.275531	0.992238
rs4272	7	92236829	A	G	-0.0943106794712413	0.0229343815623808	-4.11219632038994	3.4e-07	58284	7	92236829	A	G	0.0231069	0.00224014	10.3149356736633	3.2E-27	426824	0.788784	0.993713
rs4409785	11	95311422	T	C	-0.083381608939051	0.022679470699405	-3.67652358576598	1.2e-05	58284	11	95311422	T	C	0.00123452	0.0024381	0.506345104794717	4.6E-01	426824	0.827968	1
rs4452313	3	17047032	A	T	-0.105360515657826	0.0172967100386129	-6.09136161863273	2.7e-10	58284	3	17047032	A	T	0.0002089	0.0020489	0.101957147737811	5.7E-01	426824	0.716054	0.99638
rs624988	1	117263790	T	C	0.0861776962410524	0.0142391776107534	6.05215403563556	4.6e-08	58284	1	117263790	T	C	0.00244776	0.00187429	1.30596652599118	2.3E-01	426824	0.395964	0.996025
rs678347	8	102463602	A	G	-0.0943106794712413	0.0171034143054304	-5.51414342113535	1.4e-07	58284	8	102463602	G	A	0.000229069	0.00206064	-0.111164007298703	9.4E-01	426824	0.281499	1
rs706778	10	6098949	T	C	0.104360015324243	0.0139790684633237	7.46544847376975	7.1e-12	58284	10	6098949	C	T	-0.00137955	0.00187611	0.735324687784831	6.0E-01	426824	0.596361	1
rs7752903	6	138227364	T	G	-0.342490308946776	0.0372577219463723	-9.19246510668973	1.4e-17	58284	6	138227364	T	G	0.0120851	0.00526946	2.29342285547286	2.9E-02	426824	0.968651	0.992464
rs8026898	15	69991417	A	G	0.148420005118273	0.0179037345975867	8.28989082190032	2.4e-17	58284	15	69991417	G	A	-0.00878203	0.00209436	4.19318073301629	2.5E-05	426824	0.730064	0.994619
rs8032939	15	38834033	T	C	-0.116533816255952	0.0174944252442001	-6.66119718877795	2.4e-12	58284	15	38834033	T	C	0.00435047	0.0021558	2.01803042953892	5.6E-02	426824	0.754394	0.998399
rs909685	22	39747671	A	T	0.104360015324243	0.0139790684633237	7.46544847376975	3.1e-10	58284	22	39747671	T	A	-0.00115619	0.00202097	0.572096567489869	5.0E-01	426824	0.698358	0.999816
rs9372120	6	106667535	T	G	-0.083381608939051	0.0169143914882145	-4.92962510635685	1.2e-05	58284	6	106667535	T	G	0.00290606	0.00225428	1.28913001046897	1.0E-01	426824	0.7912	0.997188
rs947474	10	6390450	A	G	0.122217632724249	0.0230900977490412	5.29307558818473	2.8e-09	58284	10	6390450	G	A	0.00123253	0.00237684	-0.518558253815991	5.0E-01	426824	0.18397	1
rs9653442	2	100825367	T	C	-0.105360515657826	0.0172967100386129	-6.09136161863273	3.6e-12	58284	2	100825367	C	T	0.00698959	0.00183363	-3.81188680377175	6.0E-05	426824	0.463044	1
rs968567	11	61595564	T	C	-0.105360515657826	0.0172967100386129	-6.09136161863273	7.4e-07	58284	11	61595564	C	T	0.00903512	0.00234925	-3.84595934872832	6.7E-04	426824	0.810766	0.999015
rs998731	8	81095395	T	C	0.0861776962410524	0.0190752714651124	4.51777037085247	1.3e-07	58284	8	81095395	C	T	-0.00269666	0.00185853	1.45096393386171	2.0E-01	426824	0.545591	1
