SNP	CHR.x	POS.x	INC_ALLELE.x	DEC_ALLELE.x	BETA.x	SE.x	Z.x	P.x	N.x	CHR.y	POS.y	INC_ALLELE.y	DEC_ALLELE.y	BETA.y	SE.y	Z.y	P.y	N.y	MAF	score
rs10175798	2	30449594	A	G	0.0861776962410524	0.0142391776107534	6.05215403563556	1.3e-07	58284	2	30449594	G	A	-0.001782	0.006776	0.262987012987013	0.79	426795	0.372408	0.991418
rs10985070	9	123636121	A	C	-0.083381608939051	0.0169143914882145	-4.92962510635685	1.7e-08	58284	9	123636121	C	A	0.001199	0.006643	-0.180490742134578	0.86	426795	0.433577	0.983077
rs11574914	9	34710338	A	G	0.122217632724249	0.0183877226955085	6.64669762254478	1.5e-13	58284	9	34710338	G	A	-0.00641	0.006881	0.931550646708327	0.35	426795	0.655046	0.999395
rs11889341	2	191943742	T	C	0.122217632724249	0.0183877226955085	6.64669762254478	6.5e-12	58284	2	191943742	C	T	-0.00456	0.007859	0.580226491920092	0.56	426795	0.776443	0.993323
rs1516971	8	129542100	T	C	0.122217632724249	0.0230900977490412	5.29307558818473	5.3e-07	58284	8	129542100	T	C	0.003083	0.009719	0.317213705113695	0.75	426795	0.869976	0.996714
rs1571878	6	167540842	T	C	-0.116533816255952	0.0174944252442001	-6.66119718877795	4.9e-15	58284	6	167540842	C	T	-0.010888	0.006598	1.65019702940285	0.099	426795	0.436558	0.995362
rs17264332	6	138005515	A	G	-0.162518929497775	0.0183326577683997	-8.86499554788568	7.1e-19	58284	6	138005515	A	G	-0.007186	0.007887	-0.911119563839229	0.36	426795	0.779065	0.998873
rs1858037	2	65598300	A	T	-0.105360515657826	0.0114657427816626	-9.18915744615621	5.9e-10	58284	2	65598300	T	A	-0.006745	0.00693	0.973304473304473	0.33	426795	0.665828	0.997453
rs1980422	2	204610396	T	C	-0.116533816255952	0.0174944252442001	-6.66119718877795	6e-11	58284	2	204610396	C	T	-0.000552	0.007753	0.0711982458403199	0.94	426795	0.230802	0.996503
rs2451258	6	159506600	T	C	0.104360015324243	0.0187251871685857	5.57324284049467	6.6e-10	58284	6	159506600	C	T	0.003847	0.006769	-0.568326192938396	0.57	426795	0.374473	0.996035
rs2476601	1	114377568	A	G	0.593326845277734	0.0230639983510443	25.7252379334683	1.6e-149	58284	1	114377568	A	G	-0.012988	0.01078	-1.20482374768089	0.23	426795	0.102165	1
rs2561477	5	102608924	A	G	-0.105360515657826	0.0172967100386129	-6.09136161863273	5.2e-10	58284	5	102608924	G	A	-0.00955	0.006998	1.36467562160617	0.17	426795	0.676585	0.998359
rs3087243	2	204738919	A	G	-0.139262067333508	0.0179037345975868	-7.77838090563956	9.2e-20	58284	2	204738919	G	A	0.003225	0.006577	-0.49034514216208	0.62	426795	0.550654	1
rs3806624	3	27764623	A	G	-0.083381608939051	0.0169143914882145	-4.92962510635685	6.1e-08	58284	3	27764623	A	G	-0.000445	0.006584	-0.067588092345079	0.95	426795	0.546784	0.991292
rs4239702	20	44749251	T	C	-0.139262067333508	0.0118657460021772	-11.7364780358483	4.2e-14	58284	20	44749251	T	C	-0.001152	0.007344	-0.156862745098039	0.88	426795	0.275531	0.990272
rs4272	7	92236829	A	G	-0.0943106794712413	0.0229343815623808	-4.11219632038994	3.4e-07	58284	7	92236829	A	G	-0.022081	0.008038	-2.74707638716099	0.006	426795	0.7888	0.991756
rs4409785	11	95311422	T	C	-0.083381608939051	0.022679470699405	-3.67652358576598	1.2e-05	58284	11	95311422	T	C	0.0015	0.008666	0.173090237710593	0.86	426795	0.827981	1
rs4452313	3	17047032	A	T	-0.105360515657826	0.0172967100386129	-6.09136161863273	2.7e-10	58284	3	17047032	A	T	0.001209	0.007258	0.166574813998347	0.87	426795	0.71604	0.995825
rs624988	1	117263790	T	C	0.0861776962410524	0.0142391776107534	6.05215403563556	4.6e-08	58284	1	117263790	T	C	0.013457	0.006695	2.0100074682599	0.044	426795	0.395966	0.994661
rs678347	8	102463602	A	G	-0.0943106794712413	0.0171034143054304	-5.51414342113535	1.4e-07	58284	8	102463602	G	A	0.00078	0.007277	-0.107187027621273	0.91	426795	0.281502	1
rs706778	10	6098949	T	C	0.104360015324243	0.0139790684633237	7.46544847376975	7.1e-12	58284	10	6098949	C	T	0.006269	0.006658	-0.941574046260138	0.35	426795	0.596346	1
rs7752903	6	138227364	T	G	-0.342490308946776	0.0372577219463723	-9.19246510668973	1.4e-17	58284	6	138227364	T	G	-0.027203	0.018834	-1.4443559520017	0.15	426795	0.968651	0.985716
rs8026898	15	69991417	A	G	0.148420005118273	0.0179037345975867	8.28989082190032	2.4e-17	58284	15	69991417	G	A	0.011801	0.007379	-1.59926819352216	0.11	426795	0.730085	0.993072
rs8032939	15	38834033	T	C	-0.116533816255952	0.0174944252442001	-6.66119718877795	2.4e-12	58284	15	38834033	T	C	-0.010558	0.007595	-1.39012508229098	0.16	426795	0.754384	0.997864
rs909685	22	39747671	A	T	0.104360015324243	0.0139790684633237	7.46544847376975	3.1e-10	58284	22	39747671	T	A	0.00224	0.00711	-0.315049226441631	0.75	426795	0.698357	0.999738
rs9372120	6	106667535	T	G	-0.083381608939051	0.0169143914882145	-4.92962510635685	1.2e-05	58284	6	106667535	T	G	-0.010269	0.008057	-1.2745438748914	0.2	426795	0.791189	0.996999
rs947474	10	6390450	A	G	0.122217632724249	0.0230900977490412	5.29307558818473	2.8e-09	58284	10	6390450	G	A	-0.005392	0.008436	0.639165481270744	0.52	426795	0.18395	1
rs9653442	2	100825367	T	C	-0.105360515657826	0.0172967100386129	-6.09136161863273	3.6e-12	58284	2	100825367	C	T	0.001019	0.006555	-0.155453852021358	0.88	426795	0.463034	1
rs968567	11	61595564	T	C	-0.105360515657826	0.0172967100386129	-6.09136161863273	7.4e-07	58284	11	61595564	C	T	-0.017277	0.008349	2.06934962270931	0.039	426795	0.810762	0.998962
rs998731	8	81095395	T	C	0.0861776962410524	0.0190752714651124	4.51777037085247	1.3e-07	58284	8	81095395	C	T	0.000346	0.006563	-0.0527197927776931	0.96	426795	0.545587	1
